function [z]=jacobian(x)
  %put the 16 jacobian equations in 4*4 matrix 
  %lets consider x=x(1);y=x(2);z=x(3);t=x(4)
  
z = zeros(4,4);%create return as 4*4 matrix
  z(1,1)= 2*x(1)-2.4;
  z(1,2)= 2*x(2)-4.6;
  z(1,3)= 2*x(3)-0.4; 
  z(1,4)= (-2*0.047^2)*x(4)-(2*0.047^2*12.3486);
  z(2,1)= 2*x(1)+1;
  z(2,2)= 2*x(2)-3;
  z(2,3)= 2*x(3)-3.6; 
  z(2,4)= (-2*0.047^2)*x(4)-(2*0.047^2*2.9544);
  z(3,1)= 2*x(1)+3.4;
  z(3,2)= 2*x(2)-1.6;
  z(3,3)= 2*x(3)-2.6; 
  z(3,4)= (-2*0.047^2)*x(4)-(2*0.047^2*5.8142);
  z(4,1)= 2*x(1)-3.4;
  z(4,2)= 2*x(2)-2.8;
  z(4,3)= 2*x(3)+1; 
  z(4,4)= (-2*0.047^2)*x(4)-(2*0.047^2*4.2745);

end